[[3.06664, 0.69989, 4.0, 0.03565],
[3.21372, 0.69357, 4.0, 0.0359],
[3.36169, 0.6893, 4.0, 0.03611],
[3.51032, 0.68657, 4.0, 0.03626],
[3.65944, 0.68518, 4.0, 0.03637],
[3.80869, 0.68499, 4.0, 0.0364],
[3.9577, 0.68593, 4.0, 0.03634],
[4.10629, 0.688, 4.0, 0.03624],
[4.25437, 0.69122, 4.0, 0.03613],
[4.40189, 0.69562, 4.0, 0.036],
[4.54878, 0.70129, 4.0, 0.03585],
[4.69495, 0.7083, 4.0, 0.03569],
[4.84035, 0.71677, 4.0, 0.03552],
[4.9849, 0.7268, 4.0, 0.03534],
[5.12852, 0.73849, 4.0, 0.03514],
[5.27111, 0.75197, 2.8, 0.03979],
[5.41256, 0.76741, 2.8, 0.04312],
[5.55265, 0.78511, 2.8, 0.04869],
[5.69115, 0.80542, 2.8, 0.05384],
[5.82783, 0.82863, 2.0, 0.06301],
[5.96225, 0.85532, 2.0, 0.06852],
[6.09384, 0.88621, 1.5, 0.07951],
[6.22194, 0.92207, 1.5, 0.08869],
[6.34568, 0.96381, 1.5, 0.08706],
[6.46387, 1.01256, 1.5, 0.08523],
[6.57482, 1.06969, 1.5, 0.0832],
[6.67653, 1.13638, 1.4, 0.08688],
[6.76588, 1.21406, 1.4, 0.08457],
[6.83839, 1.3035, 1.4, 0.08224],
[6.8965, 1.40041, 1.4, 0.08072],
[6.94112, 1.50274, 1.4, 0.07974],
[6.96947, 1.60974, 1.4, 0.07907],
[6.97707, 1.71948, 1.5, 0.07334],
[6.96702, 1.82873, 1.5, 0.07314],
[6.94149, 1.93565, 1.5, 0.07328],
[6.90175, 2.03894, 1.5, 0.07378],
[6.84699, 2.13674, 1.5, 0.07473],
[6.77532, 2.22592, 1.7, 0.0673],
[6.69013, 2.30621, 1.9, 0.06161],
[6.59411, 2.37815, 2.1, 0.05713],
[6.48935, 2.44258, 2.4, 0.05125],
[6.37761, 2.50053, 2.8, 0.04496],
[6.26056, 2.55329, 3.3, 0.03891],
[6.13955, 2.60203, 4.0, 0.03262],
[6.01585, 2.648, 4.1, 0.03219],
[5.89082, 2.69257, 4.1, 0.03237],
[5.76067, 2.73919, 4.1, 0.03372],
[5.63058, 2.78629, 4.1, 0.03374],
[5.5006, 2.83412, 4.1, 0.03378],
[5.37081, 2.88295, 3.9, 0.03556],
[5.2413, 2.93305, 3.9, 0.03561],
[5.11223, 2.98473, 3.9, 0.03565],
[4.9838, 3.03838, 3.9, 0.03569],
[4.85635, 3.09451, 3.9, 0.03571],
[4.73023, 3.15374, 3.9, 0.03573],
[4.60596, 3.21695, 4.1, 0.03401],
[4.48296, 3.2828, 4.1, 0.03403],
[4.36104, 3.35081, 4.1, 0.03405],
[4.24006, 3.42061, 4.1, 0.03407],
[4.11988, 3.49191, 4.1, 0.03408],
[4.00046, 3.56448, 4.1, 0.03408],
[3.88179, 3.63809, 3.7, 0.03774],
[3.76397, 3.71247, 3.2, 0.04354],
[3.64724, 3.7873, 2.8, 0.04952],
[3.53105, 3.86073, 2.4, 0.05727],
[3.41419, 3.93239, 2.4, 0.05711],
[3.29624, 4.00105, 2.4, 0.05687],
[3.17677, 4.06545, 2.4, 0.05655],
[3.0554, 4.12417, 2.4, 0.05618],
[2.93169, 4.17515, 2.4, 0.05575],
[2.80549, 4.21581, 2.7, 0.04911],
[2.67785, 4.24822, 2.8, 0.04703],
[2.5493, 4.27301, 2.7, 0.04849],
[2.42021, 4.29067, 2.5, 0.05211],
[2.29093, 4.30153, 2.3, 0.05641],
[2.16175, 4.30562, 2.1, 0.06154],
[2.03303, 4.30283, 1.9, 0.06776],
[1.90519, 4.29292, 1.7, 0.07542],
[1.7788, 4.27535, 1.5, 0.08507],
[1.65459, 4.24957, 1.5, 0.08458],
[1.53376, 4.21418, 1.5, 0.08394],
[1.41797, 4.16786, 1.5, 0.08314],
[1.30974, 4.10893, 1.5, 0.08216],
[1.21287, 4.03538, 1.5, 0.08108],
[1.13093, 3.94692, 1.6, 0.07536],
[1.06435, 3.84609, 1.7, 0.07108],
[1.01121, 3.73603, 1.9, 0.06433],
[0.96999, 3.61869, 2.1, 0.05922],
[0.93956, 3.49541, 2.3, 0.05521],
[0.91891, 3.36729, 2.5, 0.05191],
[0.90708, 3.23527, 2.7, 0.04909],
[0.90334, 3.10018, 2.9, 0.0466],
[0.90681, 2.9629, 3.1, 0.0443],
[0.91698, 2.82419, 3.3, 0.04215],
[0.93341, 2.68483, 3.4, 0.04127],
[0.95571, 2.54557, 3.4, 0.04148],
[0.98342, 2.40706, 3.2, 0.04414],
[1.01626, 2.26986, 3.0, 0.04702],
[1.05392, 2.13444, 2.7, 0.05206],
[1.09624, 2.00121, 2.5, 0.05591],
[1.14311, 1.87057, 2.2, 0.06309],
[1.19482, 1.7431, 2.0, 0.06878],
[1.25158, 1.61938, 1.7, 0.08007],
[1.31382, 1.50015, 1.7, 0.07911],
[1.38221, 1.38643, 1.7, 0.07806],
[1.45757, 1.27943, 1.7, 0.07699],
[1.54096, 1.18072, 1.7, 0.07601],
[1.63386, 1.09253, 1.7, 0.07535],
[1.7384, 1.01844, 2.0, 0.06407],
[1.85098, 0.955, 2.3, 0.05618],
[1.97002, 0.90067, 2.5, 0.05234],
[2.09459, 0.85453, 2.7, 0.0492],
[2.2239, 0.81579, 2.9, 0.04655],
[2.35729, 0.78373, 3.1, 0.04426],
[2.49419, 0.75767, 3.4, 0.04099],
[2.63406, 0.73695, 3.7, 0.03822],
[2.77639, 0.72086, 4.1, 0.03494],
[2.92074, 0.70874, 4.1, 0.03533]]